[IPU1-0]    620.919278 s: ***CpuLoad,06.2,01.1,00.2,00.2,00.3,00.3              
[IPU1-0]    625.756498 s: ***CpuLoad,05.2,01.1,00.2,00.2,00.4,00.3              
[IPU1-0]    630.593625 s: ***CpuLoad,04.8,01.1,00.2,00.2,00.3,00.3              
[IPU1-0]    635.431333 s: ***CpuLoad,05.1,01.1,00.2,00.2,00.3,00.3              
[IPU1-0]    640.268552 s: ***CpuLoad,05.4,01.1,00.2,00.2,00.3,00.3              
[IPU1-0]    645.105802 s: ***CpuLoad,05.3,01.1,00.2,00.2,00.3,00.3              
[IPU1-0]    649.943204 s: ***CpuLoad,04.8,01.1,00.2,00.2,00.3,00.3              
[IPU1-0]    654.780485 s: ***CpuLoad,04.7,01.1,00.2,00.2,00.4,00.3              
[IPU1-0]    659.609311 s: ***CpuLoad,05.4,01.1,00.2,00.2,00.4,00.3              
[IPU1-0]    664.446470 s: ***CpuLoad,05.3,01.1,00.2,00.2,00.3,00.3              
[IPU1-0]    669.283933 s: ***CpuLoad,04.8,01.1,00.2,00.2,00.3,00.3              
[IPU1-0]    674.112607 s: ***CpuLoad,04.9,01.1,00.2,00.2,00.4,00.3              
[IPU1-0]    678.950162 s: ***CpuLoad,05.5,01.1,00.2,00.2,00.4,00.3              
[IPU1-0]    683.787290 s: ***CpuLoad,05.4,01.1,00.2,00.2,00.3,00.3              
[IPU1-0]    688.616117 s: ***CpuLoad,04.8,01.1,00.2,00.2,00.4,00.3              
[IPU1-0]    693.453489 s: ***CpuLoad,04.8,01.1,00.2,00.2,00.4,00.3              
[IPU1-0]    698.290861 s: ***CpuLoad,05.5,01.1,00.2,00.2,00.3,00.3              
[IPU1-0]    703.127988 s: ***CpuLoad,05.4,01.1,00.2,00.2,00.4,00.3              
[IPU1-0]    707.965238 s: ***CpuLoad,04.8,01.1,00.2,00.2,00.4,00.3              
[IPU1-0]    712.802823 s: ***CpuLoad,04.8,01.1,00.2,00.2,00.4,00.3              
[IPU1-0]    717.640165 s: ***CpuLoad,05.3,01.1,00.2,00.2,00.4,00.3              
[IPU1-0]    722.468961 s: ***CpuLoad,05.5,01.1,00.2,00.2,00.3,00.3              
[IPU1-0]    727.306180 s: ***CpuLoad,04.6,01.1,00.2,00.2,00.3,00.3              
[IPU1-0]    732.143522 s: ***CpuLoad,04.8,01.1,00.2,00.2,00.4,00.3              
[IPU1-0]    736.972257 s: ***CpuLoad,05.3,01.1,00.2,00.2,00.4,00.3              
[IPU1-0]    741.836851 s: ***CpuLoad,10.4,03.6,03.4,01.0,02.8,05.8              
[IPU1-0]    746.778501 s: ***CpuLoad,47.3,36.1,65.0,27.0,16.4,38.6              
[IPU1-0]    751.609250 s: ***CpuLoad,08.8,04.2,05.5,02.4,01.8,04.0              
[IPU1-0]    756.480955 s: ***CpuLoad,12.8,06.9,11.1,03.9,02.9,06.4              
[IPU1-0]    761.335966 s: ***CpuLoad,12.6,06.2,11.5,04.3,02.9,06.4              
[IPU1-0]    766.173063 s: ***CpuLoad,12.3,06.6,10.8,03.9,02.8,06.4              
[HOST  ]    769.261533 s: ***PDDAY Output:,11284,1,470,220,534,344,2.49,8.81,-11
[HOST  ]    770.194364 s: ***PDDAY Output:,11286,1,452,226,508,335,2.37,9.45,-11
[HOST  ]    770.663144 s: ***PDDAY Output:,11287,1,436,213,508,343,2.10,9.45,-25
[IPU1-0]    771.001890 s: ***CpuLoad,12.1,06.7,11.7,04.3,02.8,06.5              
[HOST  ]    771.134458 s: ***PDDAY Output:,11288,1,438,226,494,340,2.07,9.65,-02
[HOST  ]    771.606565 s: ***PDDAY Output:,11289,1,430,226,486,341,1.94,9.65,-11
[HOST  ]    772.070310 s: ***PDDAY Output:,11290,1,423,226,479,343,1.81,9.55,-11
[HOST  ]    772.531919 s: ***PDDAY Output:,11291,1,416,226,472,343,1.71,9.35,-10
[HOST  ]    773.004453 s: ***PDDAY Output:,11292,1,421,228,469,338,1.80,9.45,1.3
[HOST  ]    775.345762 s: ***PDDAY Output:,11297,1,391,214,455,328,1.63,11.38,08
[HOST  ]    775.817136 s: ***PDDAY Output:,11298,1,385,216,433,323,1.48,11.52,-4
[IPU1-0]    775.852994 s: ***CpuLoad,13.5,06.1,11.1,04.4,03.1,07.0              
[HOST  ]    776.293485 s: ***PDDAY Output:,11299,1,382,219,438,324,1.48,11.66,01
[HOST  ]    776.759275 s: ***PDDAY Output:,11300,1,375,219,431,326,1.34,11.38,-2
[HOST  ]    777.233701 s: ***PDDAY Output:,11301,1,369,219,425,325,1.25,11.25,-1
[HOST  ]    777.700712 s: ***PDDAY Output:,11302,1,365,219,421,326,1.18,11.38,-1
[HOST  ]    778.170804 s: ***PDDAY Output:,11303,1,360,219,416,327,1.09,11.25,-1
[IPU1-0]    780.685117 s: ***CpuLoad,14.2,06.6,09.8,04.0,02.8,06.4              
[IPU1-0]    785.520658 s: ***CpuLoad,11.5,06.3,09.9,03.9,02.6,05.8              
[IPU1-0]    790.357816 s: ***CpuLoad,04.8,01.1,00.2,00.2,00.4,00.3              
[IPU1-0]    795.195341 s: ***CpuLoad,05.1,01.1,00.2,00.2,00.3,00.3    
